{
 "cells": [
  {
   "cell_type": "markdown",
   "metadata": {},
   "source": [
    "## Make Detection with the Trained Model"
   ]
  },
  {
   "cell_type": "code",
   "execution_count": 2,
   "metadata": {},
   "outputs": [],
   "source": [
    "import mediapipe as mp\n",
    "import cv2\n",
    "import numpy as np\n",
    "import pandas as pd\n",
    "\n",
    "import pickle\n",
    "\n",
    "import warnings\n",
    "warnings.filterwarnings('ignore')\n",
    "\n",
    "# Drawing helpers\n",
    "mp_drawing = mp.solutions.drawing_utils\n",
    "mp_pose = mp.solutions.pose"
   ]
  },
  {
   "cell_type": "markdown",
   "metadata": {},
   "source": [
    "### Reconstruct the input structure"
   ]
  },
  {
   "cell_type": "code",
   "execution_count": 3,
   "metadata": {},
   "outputs": [],
   "source": [
    "# Determine important landmarks for plank\n",
    "IMPORTANT_LMS = [\n",
    "    \"NOSE\",\n",
    "    \"LEFT_SHOULDER\",\n",
    "    \"RIGHT_SHOULDER\",\n",
    "    \"LEFT_ELBOW\",\n",
    "    \"RIGHT_ELBOW\",\n",
    "    \"LEFT_WRIST\",\n",
    "    \"RIGHT_WRIST\",\n",
    "    \"LEFT_HIP\",\n",
    "    \"RIGHT_HIP\",\n",
    "    \"LEFT_KNEE\",\n",
    "    \"RIGHT_KNEE\",\n",
    "    \"LEFT_ANKLE\",\n",
    "    \"RIGHT_ANKLE\",\n",
    "    \"LEFT_HEEL\",\n",
    "    \"RIGHT_HEEL\",\n",
    "    \"LEFT_FOOT_INDEX\",\n",
    "    \"RIGHT_FOOT_INDEX\",\n",
    "]\n",
    "\n",
    "# Generate all columns of the data frame\n",
    "\n",
    "HEADERS = [\"label\"] # Label column\n",
    "\n",
    "for lm in IMPORTANT_LMS:\n",
    "    HEADERS += [f\"{lm.lower()}_x\", f\"{lm.lower()}_y\", f\"{lm.lower()}_z\", f\"{lm.lower()}_v\"]"
   ]
  },
  {
   "cell_type": "markdown",
   "metadata": {},
   "source": [
    "### Setup some important functions"
   ]
  },
  {
   "cell_type": "code",
   "execution_count": 4,
   "metadata": {},
   "outputs": [],
   "source": [
    "def extract_important_keypoints(results) -> list:\n",
    "    '''\n",
    "    Extract important keypoints from mediapipe pose detection\n",
    "    '''\n",
    "    landmarks = results.pose_landmarks.landmark\n",
    "\n",
    "    data = []\n",
    "    for lm in IMPORTANT_LMS:\n",
    "        keypoint = landmarks[mp_pose.PoseLandmark[lm].value]\n",
    "        data.append([keypoint.x, keypoint.y, keypoint.z, keypoint.visibility])\n",
    "    \n",
    "    return np.array(data).flatten().tolist()\n",
    "\n",
    "\n",
    "def rescale_frame(frame, percent=50):\n",
    "    '''\n",
    "    Rescale a frame to a certain percentage compare to its original frame\n",
    "    '''\n",
    "    width = int(frame.shape[1] * percent/ 100)\n",
    "    height = int(frame.shape[0] * percent/ 100)\n",
    "    dim = (width, height)\n",
    "    return cv2.resize(frame, dim, interpolation =cv2.INTER_AREA)"
   ]
  },
  {
   "cell_type": "code",
   "execution_count": 5,
   "metadata": {},
   "outputs": [],
   "source": [
    "VIDEO_PATH1 = \"../data/plank/plank_test.mov\"\n",
    "VIDEO_PATH2 = \"../data/plank/plank_test_1.mp4\"\n",
    "VIDEO_PATH3 = \"../data/plank/plank_test_2.mp4\"\n",
    "VIDEO_PATH4 = \"../data/plank/plank_test_3.mp4\"\n",
    "VIDEO_PATH5 = \"../data/plank/plank_test_4.mp4\"\n",
    "VIDEO_TEST = \"../../demo/plank.mp4\""
   ]
  },
  {
   "cell_type": "markdown",
   "metadata": {},
   "source": [
    "## 1. Make detection with Scikit learn model"
   ]
  },
  {
   "cell_type": "code",
   "execution_count": 15,
   "metadata": {},
   "outputs": [],
   "source": [
    "# Load model\n",
    "with open(\"./model/LR_model.pkl\", \"rb\") as f:\n",
    "    sklearn_model = pickle.load(f)\n",
    "\n",
    "# Dump input scaler\n",
    "with open(\"./model/input_scaler.pkl\", \"rb\") as f2:\n",
    "    input_scaler = pickle.load(f2)"
   ]
  },
  {
   "cell_type": "code",
   "execution_count": 19,
   "metadata": {},
   "outputs": [
    {
     "name": "stdout",
     "output_type": "stream",
     "text": [
      "[0.9591791  0.01401213 0.02680876]\n",
      "[0.90651872 0.02113497 0.07234631]\n",
      "[0.9388927  0.01279062 0.04831668]\n",
      "[0.95146856 0.01067739 0.03785404]\n",
      "[0.96301255 0.00989846 0.02708899]\n",
      "[0.95133268 0.01461827 0.03404905]\n",
      "[0.94930092 0.01937701 0.03132207]\n",
      "[0.94641221 0.02557926 0.02800853]\n",
      "[0.95998703 0.02231804 0.01769492]\n",
      "[0.96425576 0.02238244 0.0133618 ]\n",
      "[0.95993311 0.02546005 0.01460684]\n",
      "[0.96333985 0.02589509 0.01076506]\n",
      "[0.95862263 0.03091062 0.01046676]\n",
      "[0.95024232 0.04027306 0.00948461]\n",
      "[0.95815613 0.03205745 0.00978642]\n",
      "[0.93570655 0.04989075 0.0144027 ]\n",
      "[0.93248003 0.04903644 0.01848353]\n",
      "[0.93858134 0.04570604 0.01571262]\n",
      "[0.94324721 0.04299289 0.0137599 ]\n",
      "[0.94744    0.03872094 0.01383906]\n",
      "[0.95012643 0.03590799 0.01396558]\n",
      "[0.95220811 0.03411569 0.0136762 ]\n",
      "[0.96364973 0.02419342 0.01215685]\n",
      "[0.96993876 0.01926131 0.01079993]\n",
      "[0.95807872 0.02840115 0.01352013]\n",
      "[0.95543837 0.02944662 0.01511501]\n",
      "[0.93233873 0.04510972 0.02255155]\n",
      "[0.93543905 0.04864022 0.01592073]\n",
      "[0.94127108 0.04102291 0.01770601]\n",
      "[0.95834058 0.02602876 0.01563065]\n",
      "[0.96337855 0.01928272 0.01733873]\n",
      "[0.96381421 0.01744358 0.01874221]\n",
      "[0.96696012 0.01609296 0.01694692]\n",
      "[0.96796998 0.0139337  0.01809633]\n",
      "[0.9448818  0.02192039 0.03319781]\n",
      "[0.93654193 0.02310576 0.04035231]\n",
      "[0.96081418 0.013885   0.02530083]\n",
      "[0.9512403  0.02066555 0.02809415]\n",
      "[0.93487002 0.0253953  0.03973468]\n",
      "[0.92788507 0.03182004 0.04029489]\n",
      "[0.89550072 0.0463329  0.05816639]\n",
      "[0.90053232 0.04572103 0.05374664]\n",
      "[0.89783223 0.05387999 0.04828778]\n",
      "[0.93190932 0.03579066 0.03230002]\n",
      "[0.94388705 0.02665941 0.02945355]\n",
      "[0.94949888 0.02500541 0.02549571]\n",
      "[0.94685309 0.03058606 0.02256085]\n",
      "[0.93370581 0.04156121 0.02473298]\n",
      "[0.91088321 0.06024213 0.02887466]\n",
      "[0.92438308 0.05682565 0.01879127]\n",
      "[0.90785399 0.0752115  0.01693451]\n",
      "[0.91366134 0.07251306 0.0138256 ]\n",
      "[0.92731448 0.06014635 0.01253918]\n",
      "[0.9329465  0.05703934 0.01001416]\n",
      "[0.94135868 0.04886451 0.00977681]\n",
      "[0.93761897 0.05035026 0.01203077]\n",
      "[0.94573924 0.0432718  0.01098896]\n",
      "[0.96087667 0.03127231 0.00785102]\n",
      "[0.9671983  0.02610712 0.00669458]\n",
      "[0.97310846 0.0199257  0.00696584]\n",
      "[0.97046237 0.02043995 0.00909768]\n",
      "[0.97341033 0.01845815 0.00813152]\n",
      "[0.97142895 0.01690832 0.01166273]\n",
      "[0.95279072 0.02341546 0.02379383]\n",
      "[0.9498412  0.02191494 0.02824386]\n",
      "[0.94060392 0.02106755 0.03832853]\n",
      "[0.90474326 0.03160712 0.06364961]\n",
      "[0.92363496 0.0237983  0.05256674]\n",
      "[0.86561284 0.0285285  0.10585866]\n",
      "[0.89846198 0.01728908 0.08424895]\n",
      "[0.86330469 0.01574619 0.12094912]\n",
      "[0.84202811 0.0148621  0.1431098 ]\n",
      "[0.86946277 0.01334014 0.11719709]\n",
      "[0.85467498 0.01209673 0.13322829]\n",
      "[0.75652541 0.02826608 0.21520851]\n",
      "[0.8001093  0.02742419 0.17246651]\n",
      "[0.7439314  0.03237206 0.22369654]\n",
      "[0.7372076  0.02511581 0.23767659]\n",
      "[0.8113584  0.01921783 0.16942377]\n",
      "[0.81482565 0.0144661  0.17070826]\n",
      "[0.82999189 0.01109276 0.15891535]\n",
      "[0.84176545 0.00885675 0.1493778 ]\n",
      "[0.74309322 0.01119302 0.24571377]\n",
      "[0.72275425 0.00992211 0.26732363]\n",
      "[0.67300139 0.01014341 0.31685519]\n",
      "[0.66572554 0.00615378 0.32812068]\n",
      "[0.69740509 0.00333311 0.2992618 ]\n",
      "[0.62311128 0.00376986 0.37311886]\n",
      "[0.6520448  0.00409727 0.34385793]\n",
      "[0.75909257 0.00509416 0.23581327]\n",
      "[0.8708574  0.00377954 0.12536306]\n",
      "[0.89205421 0.0048463  0.10309949]\n",
      "[0.86794968 0.00803153 0.12401879]\n",
      "[0.89594522 0.00753269 0.09652208]\n",
      "[0.9195706  0.00804214 0.07238726]\n",
      "[0.8673267  0.01452905 0.11814425]\n",
      "[0.86497087 0.02063623 0.1143929 ]\n",
      "[0.86331609 0.0270806  0.10960331]\n",
      "[0.79556403 0.03461675 0.16981922]\n",
      "[0.61794304 0.05499747 0.32705948]\n",
      "[0.67036648 0.06340074 0.26623278]\n",
      "[0.73724393 0.07212715 0.19062892]\n",
      "[0.73150362 0.12567331 0.14282307]\n",
      "[0.71631835 0.13781391 0.14586775]\n",
      "[0.73085268 0.12988524 0.13926208]\n",
      "[0.82097499 0.09019271 0.0888323 ]\n",
      "[0.80452938 0.10188763 0.09358299]\n",
      "[0.74038666 0.15277459 0.10683875]\n",
      "[0.70678728 0.20194968 0.09126304]\n",
      "[0.76868164 0.17037582 0.06094254]\n",
      "[0.77612614 0.17647225 0.04740161]\n",
      "[0.70812849 0.24340543 0.04846608]\n",
      "[0.69576036 0.26390176 0.04033788]\n",
      "[0.62786832 0.33991238 0.03221929]\n",
      "[0.43521625 0.53718692 0.02759683]\n",
      "[0.31225021 0.67506717 0.01268262]\n",
      "[0.33863862 0.65270191 0.00865947]\n",
      "[0.25395691 0.74027392 0.00576916]\n",
      "[0.30178149 0.69418329 0.00403521]\n",
      "[0.32025393 0.67596713 0.00377893]\n",
      "[0.27964754 0.71783364 0.00251882]\n",
      "[0.15381932 0.84475649 0.00142419]\n",
      "[7.99261714e-02 9.19314816e-01 7.59012722e-04]\n",
      "[8.98321460e-02 9.09344066e-01 8.23788305e-04]\n",
      "[7.93000541e-02 9.19807320e-01 8.92626140e-04]\n",
      "[8.38136592e-02 9.15605369e-01 5.80971334e-04]\n",
      "[8.39426048e-02 9.15551994e-01 5.05400742e-04]\n",
      "[7.97489706e-02 9.19529838e-01 7.21191172e-04]\n",
      "[6.88989441e-02 9.30604726e-01 4.96329611e-04]\n",
      "[5.09068249e-02 9.48789365e-01 3.03810415e-04]\n",
      "[3.87139394e-02 9.61112954e-01 1.73106192e-04]\n",
      "[3.09183620e-02 9.68821360e-01 2.60277567e-04]\n",
      "[4.52554594e-02 9.54356902e-01 3.87638694e-04]\n",
      "[2.94501034e-02 9.70072823e-01 4.77073272e-04]\n",
      "[5.64094288e-02 9.43003769e-01 5.86802134e-04]\n",
      "[5.04466142e-02 9.48617100e-01 9.36285273e-04]\n",
      "[0.06310059 0.93578047 0.00111894]\n",
      "[0.05037143 0.94826879 0.00135977]\n",
      "[0.02373977 0.97448695 0.00177328]\n",
      "[0.0311691  0.96743352 0.00139737]\n",
      "[0.06881724 0.92971509 0.00146768]\n",
      "[0.06405745 0.93416812 0.00177442]\n",
      "[0.05862967 0.93916169 0.00220864]\n",
      "[0.04190235 0.95668456 0.00141308]\n",
      "[0.02856899 0.97043957 0.00099144]\n",
      "[0.02459399 0.9743051  0.0011009 ]\n",
      "[2.60728944e-02 9.73247389e-01 6.79716138e-04]\n",
      "[1.74247485e-02 9.82155969e-01 4.19282236e-04]\n",
      "[3.93453953e-02 9.60234282e-01 4.20322624e-04]\n",
      "[3.55596620e-02 9.64025379e-01 4.14958670e-04]\n",
      "[1.37920698e-02 9.85959637e-01 2.48292828e-04]\n",
      "[1.53241125e-02 9.84448878e-01 2.27009857e-04]\n",
      "[1.34685245e-02 9.86358789e-01 1.72686124e-04]\n",
      "[1.72542113e-02 9.82520962e-01 2.24826407e-04]\n",
      "[2.01411176e-02 9.79646122e-01 2.12760594e-04]\n",
      "[3.06326973e-02 9.69091307e-01 2.75995857e-04]\n",
      "[3.16919113e-02 9.68016369e-01 2.91719723e-04]\n",
      "[1.58467744e-02 9.84010943e-01 1.42282385e-04]\n",
      "[1.02882300e-02 9.89631223e-01 8.05469418e-05]\n",
      "[8.95399944e-03 9.90982315e-01 6.36854561e-05]\n",
      "[6.71879379e-03 9.93239939e-01 4.12668823e-05]\n",
      "[4.35192002e-03 9.95627322e-01 2.07578796e-05]\n",
      "[3.49490913e-03 9.96491630e-01 1.34610102e-05]\n",
      "[2.83095031e-03 9.97161413e-01 7.63689424e-06]\n",
      "[1.76560117e-03 9.98230669e-01 3.72957222e-06]\n",
      "[1.80890250e-03 9.98187695e-01 3.40284392e-06]\n",
      "[1.81837684e-03 9.98177920e-01 3.70285782e-06]\n",
      "[2.99606966e-03 9.96997210e-01 6.72002601e-06]\n",
      "[3.13558375e-03 9.96857615e-01 6.80144554e-06]\n",
      "[2.10231194e-03 9.97891943e-01 5.74518204e-06]\n",
      "[2.21282998e-03 9.97783994e-01 3.17596734e-06]\n",
      "[1.69334649e-03 9.98305438e-01 1.21596855e-06]\n",
      "[1.98938372e-03 9.98010009e-01 6.07423501e-07]\n",
      "[9.49246023e-04 9.99050489e-01 2.64955057e-07]\n",
      "[1.27961625e-03 9.98720155e-01 2.28705557e-07]\n",
      "[1.94512358e-03 9.98054603e-01 2.73403660e-07]\n",
      "[1.82512934e-03 9.98174580e-01 2.91040208e-07]\n",
      "[1.85816236e-03 9.98141373e-01 4.64295683e-07]\n",
      "[1.53889534e-03 9.98460358e-01 7.47100051e-07]\n",
      "[9.94992045e-04 9.99004212e-01 7.96438790e-07]\n",
      "[1.60691610e-03 9.98392153e-01 9.30853304e-07]\n",
      "[1.74949412e-03 9.98249374e-01 1.13217020e-06]\n",
      "[1.44978509e-03 9.98548305e-01 1.90986082e-06]\n",
      "[4.32632483e-04 9.99564861e-01 2.50625899e-06]\n",
      "[5.92540204e-04 9.99403688e-01 3.77157741e-06]\n",
      "[2.55765671e-04 9.99741532e-01 2.70187357e-06]\n",
      "[1.96732644e-04 9.99801252e-01 2.01528428e-06]\n",
      "[4.55728567e-04 9.99541651e-01 2.62003174e-06]\n",
      "[1.40426151e-04 9.99857843e-01 1.73094739e-06]\n",
      "[8.42954908e-05 9.99914952e-01 7.52723386e-07]\n",
      "[5.05565226e-05 9.99948562e-01 8.81933754e-07]\n",
      "[8.30934536e-05 9.99916082e-01 8.24829837e-07]\n",
      "[1.00062524e-04 9.99898858e-01 1.07985908e-06]\n",
      "[4.44891985e-05 9.99954331e-01 1.17931128e-06]\n",
      "[8.46117772e-05 9.99914316e-01 1.07251618e-06]\n",
      "[8.28861307e-05 9.99915379e-01 1.73497713e-06]\n",
      "[1.16136854e-04 9.99881509e-01 2.35397749e-06]\n",
      "[1.22043511e-04 9.99874488e-01 3.46881674e-06]\n",
      "[4.06086755e-05 9.99958018e-01 1.37333373e-06]\n",
      "[3.44679342e-05 9.99964308e-01 1.22409805e-06]\n",
      "[1.60432667e-05 9.99982644e-01 1.31277313e-06]\n",
      "[1.01067630e-05 9.99988612e-01 1.28109356e-06]\n",
      "[8.57546205e-06 9.99990479e-01 9.45400949e-07]\n",
      "[7.20781460e-06 9.99991504e-01 1.28770891e-06]\n",
      "[2.87390678e-06 9.99994862e-01 2.26392089e-06]\n",
      "[4.09051660e-06 9.99991779e-01 4.13055245e-06]\n",
      "[8.89616364e-06 9.99989357e-01 1.74694240e-06]\n",
      "[7.21573497e-06 9.99992167e-01 6.17543734e-07]\n",
      "[2.90616277e-06 9.99996742e-01 3.51884363e-07]\n",
      "[8.84099767e-06 9.99990746e-01 4.13338913e-07]\n",
      "[6.43225778e-06 9.99993365e-01 2.03139003e-07]\n",
      "[7.81903300e-06 9.99992003e-01 1.77764343e-07]\n",
      "[4.61876327e-06 9.99995134e-01 2.47725624e-07]\n",
      "[3.15804917e-06 9.99996693e-01 1.48531931e-07]\n",
      "[4.58527895e-06 9.99995201e-01 2.13275427e-07]\n",
      "[4.13033578e-06 9.99995762e-01 1.07528540e-07]\n",
      "[3.74212042e-06 9.99996201e-01 5.67615847e-08]\n",
      "[1.66971304e-06 9.99998314e-01 1.57900579e-08]\n",
      "[9.33952239e-07 9.99999059e-01 7.26133001e-09]\n",
      "[3.16798871e-07 9.99999681e-01 2.29996286e-09]\n",
      "[1.79993296e-07 9.99999818e-01 1.87912759e-09]\n",
      "[1.21471265e-07 9.99999878e-01 6.00201521e-10]\n",
      "[1.10863772e-07 9.99999889e-01 2.87384113e-10]\n",
      "[4.56436198e-08 9.99999954e-01 2.01687628e-10]\n",
      "[4.12504774e-08 9.99999959e-01 2.18894196e-10]\n",
      "[4.58324998e-08 9.99999954e-01 3.80460111e-10]\n",
      "[4.24663725e-08 9.99999957e-01 3.66735840e-10]\n",
      "[3.08252305e-08 9.99999969e-01 2.15043214e-10]\n",
      "[4.25850319e-08 9.99999957e-01 4.28612833e-10]\n",
      "[3.97780415e-08 9.99999960e-01 2.84983444e-10]\n",
      "[2.56056838e-08 9.99999974e-01 3.66981646e-10]\n",
      "[3.52197121e-08 9.99999964e-01 7.56930865e-10]\n",
      "[4.80997956e-08 9.99999951e-01 7.74952065e-10]\n",
      "[3.80657773e-08 9.99999961e-01 5.29539986e-10]\n",
      "[2.69388173e-08 9.99999972e-01 6.97972929e-10]\n",
      "[7.79919661e-08 9.99999921e-01 1.09746773e-09]\n",
      "[7.62824404e-08 9.99999922e-01 1.72654307e-09]\n",
      "[6.41024759e-08 9.99999932e-01 3.42921977e-09]\n",
      "[7.29235952e-08 9.99999925e-01 2.46342782e-09]\n",
      "[6.74281617e-08 9.99999928e-01 4.17878034e-09]\n",
      "[1.58512632e-07 9.99999837e-01 4.38240690e-09]\n",
      "[9.48772647e-08 9.99999901e-01 3.64737619e-09]\n",
      "[5.64602115e-08 9.99999942e-01 1.66090657e-09]\n",
      "[2.93765530e-08 9.99999970e-01 9.35685249e-10]\n",
      "[1.93717999e-08 9.99999980e-01 2.01403962e-10]\n",
      "[6.68690811e-09 9.99999993e-01 6.66701607e-11]\n",
      "[1.04909558e-09 9.99999999e-01 8.79324557e-12]\n",
      "[1.16057239e-09 9.99999999e-01 1.53982095e-11]\n",
      "[5.76133713e-10 9.99999999e-01 5.52707365e-12]\n",
      "[4.12808770e-10 1.00000000e+00 3.78745673e-12]\n",
      "[1.72890322e-10 1.00000000e+00 1.09561123e-12]\n",
      "[2.08607606e-10 1.00000000e+00 6.97551175e-13]\n",
      "[1.90678063e-10 1.00000000e+00 5.61977950e-13]\n",
      "[2.42048333e-10 1.00000000e+00 5.80588337e-13]\n",
      "[3.59275715e-10 1.00000000e+00 1.15515556e-12]\n",
      "[4.89389190e-10 1.00000000e+00 1.93232184e-12]\n",
      "[4.10897875e-10 1.00000000e+00 2.91271413e-12]\n",
      "[3.41383008e-10 1.00000000e+00 2.23397755e-12]\n",
      "[2.95817791e-10 1.00000000e+00 1.87484219e-12]\n",
      "[4.28328411e-10 1.00000000e+00 3.74728468e-12]\n",
      "[7.76237511e-10 9.99999999e-01 2.22045309e-12]\n",
      "[6.34930427e-10 9.99999999e-01 2.30833245e-12]\n",
      "[3.88333369e-10 1.00000000e+00 7.42557408e-12]\n",
      "[8.34709052e-10 9.99999999e-01 1.63314187e-11]\n",
      "[1.68911688e-09 9.99999998e-01 2.44027760e-11]\n",
      "[1.56637834e-09 9.99999998e-01 1.74526034e-11]\n",
      "[1.40492994e-09 9.99999999e-01 1.42358121e-11]\n",
      "[7.09164910e-09 9.99999993e-01 1.59267571e-11]\n",
      "[5.12869447e-09 9.99999995e-01 2.94549793e-11]\n",
      "[1.59428726e-08 9.99999984e-01 8.03124980e-11]\n",
      "[1.70281373e-08 9.99999983e-01 2.15671925e-10]\n",
      "[1.27311052e-08 9.99999987e-01 3.24210626e-10]\n",
      "[1.44901720e-08 9.99999985e-01 4.21654567e-10]\n",
      "[7.49736732e-09 9.99999992e-01 2.19069402e-10]\n",
      "[4.75900708e-09 9.99999995e-01 3.97473219e-10]\n",
      "[8.10308518e-09 9.99999992e-01 2.45289921e-10]\n",
      "[1.74716928e-09 9.99999998e-01 6.10313208e-11]\n",
      "[1.44384040e-09 9.99999999e-01 3.04917745e-11]\n",
      "[2.62054329e-10 1.00000000e+00 9.26903004e-13]\n",
      "[3.80411469e-10 1.00000000e+00 1.16728469e-12]\n",
      "[3.09247673e-10 1.00000000e+00 3.33135467e-13]\n",
      "[2.87024412e-10 1.00000000e+00 1.23965772e-13]\n",
      "[1.69673463e-10 1.00000000e+00 4.34237391e-14]\n",
      "[1.01449563e-10 1.00000000e+00 3.53163696e-14]\n",
      "[8.60421195e-11 1.00000000e+00 3.71386242e-14]\n",
      "[4.18886317e-11 1.00000000e+00 1.45658959e-14]\n",
      "[1.40988066e-11 1.00000000e+00 5.85194303e-15]\n",
      "[5.78498288e-12 1.00000000e+00 4.62556532e-16]\n",
      "[1.71935977e-11 1.00000000e+00 6.40981858e-16]\n",
      "[6.28878377e-12 1.00000000e+00 8.10428415e-16]\n",
      "[5.05779544e-11 1.00000000e+00 9.08000413e-16]\n",
      "[2.40073808e-11 1.00000000e+00 5.03156797e-16]\n",
      "[1.78550881e-11 1.00000000e+00 1.42771104e-16]\n",
      "[1.95744291e-11 1.00000000e+00 1.71746365e-16]\n",
      "[1.43994003e-11 1.00000000e+00 1.10497641e-16]\n",
      "[2.21747224e-11 1.00000000e+00 3.79100597e-16]\n",
      "[3.92799047e-12 1.00000000e+00 1.44492313e-16]\n",
      "[1.46417492e-12 1.00000000e+00 3.72681129e-16]\n",
      "[2.66384255e-13 1.00000000e+00 8.46741869e-18]\n",
      "[2.48174113e-13 1.00000000e+00 3.18250329e-18]\n",
      "[1.37160429e-13 1.00000000e+00 2.14689482e-18]\n",
      "[1.94697189e-14 1.00000000e+00 8.25388487e-20]\n",
      "[2.97697285e-15 1.00000000e+00 1.63562004e-21]\n",
      "[5.19341841e-15 1.00000000e+00 9.33469416e-22]\n",
      "[3.28510331e-15 1.00000000e+00 5.55912183e-22]\n",
      "[9.16943993e-16 1.00000000e+00 2.96137863e-22]\n",
      "[1.50146093e-15 1.00000000e+00 1.11780216e-21]\n",
      "[1.11274146e-15 1.00000000e+00 6.06600179e-22]\n",
      "[1.10065518e-15 1.00000000e+00 5.44069746e-22]\n",
      "[4.22255284e-16 1.00000000e+00 5.56111584e-22]\n",
      "[1.24676685e-16 1.00000000e+00 5.87554678e-23]\n",
      "[1.84388626e-16 1.00000000e+00 5.35017730e-23]\n",
      "[1.63335760e-16 1.00000000e+00 3.60177033e-23]\n",
      "[5.88198114e-16 1.00000000e+00 4.45996811e-23]\n",
      "[4.21932152e-17 1.00000000e+00 5.01487124e-24]\n",
      "[2.65118840e-18 1.00000000e+00 1.19795961e-24]\n",
      "[4.81350903e-18 1.00000000e+00 1.24349307e-24]\n",
      "[2.32662433e-17 1.00000000e+00 4.83079817e-24]\n",
      "[5.58703586e-18 1.00000000e+00 1.64136162e-24]\n",
      "[8.59485301e-19 1.00000000e+00 8.01684211e-25]\n",
      "[1.38051509e-18 1.00000000e+00 4.53474800e-24]\n",
      "[5.01802065e-18 1.00000000e+00 3.10079294e-23]\n",
      "[7.77119283e-18 1.00000000e+00 5.32836953e-23]\n",
      "[2.69006686e-18 1.00000000e+00 2.71770326e-22]\n",
      "[3.82260266e-17 1.00000000e+00 9.47369612e-22]\n",
      "[1.52842101e-18 1.00000000e+00 4.68474720e-22]\n",
      "[7.84815525e-19 1.00000000e+00 4.54871591e-22]\n",
      "[6.92596399e-20 1.00000000e+00 1.08463425e-22]\n",
      "[2.08833376e-19 1.00000000e+00 3.32016983e-22]\n",
      "[1.79467468e-19 1.00000000e+00 8.09191877e-22]\n",
      "[5.25729734e-19 1.00000000e+00 6.92290109e-21]\n",
      "[1.73834059e-18 1.00000000e+00 5.23196117e-20]\n",
      "[7.21643519e-18 1.00000000e+00 3.08780511e-19]\n",
      "[3.84234349e-17 1.00000000e+00 4.38990558e-18]\n",
      "[1.78461998e-16 1.00000000e+00 1.09797466e-17]\n",
      "[7.34640029e-16 1.00000000e+00 1.87621862e-17]\n",
      "[1.58865445e-15 1.00000000e+00 2.24470311e-17]\n",
      "[2.89636699e-15 1.00000000e+00 3.78005778e-17]\n",
      "[1.35452365e-14 1.00000000e+00 2.10873027e-16]\n",
      "[3.24153753e-14 1.00000000e+00 7.79857164e-16]\n",
      "[2.95803379e-14 1.00000000e+00 8.93492465e-17]\n",
      "[4.87189506e-14 1.00000000e+00 3.22127219e-16]\n",
      "[3.81350836e-14 1.00000000e+00 2.30044383e-16]\n",
      "[1.20308941e-13 1.00000000e+00 1.41572556e-15]\n",
      "[5.42194803e-13 1.00000000e+00 6.59353443e-15]\n",
      "[1.00027452e-12 1.00000000e+00 3.33508732e-15]\n",
      "[6.30314777e-13 1.00000000e+00 9.10828725e-15]\n",
      "[1.65565936e-12 1.00000000e+00 2.59890684e-14]\n",
      "[1.06707092e-11 1.00000000e+00 5.28384363e-14]\n",
      "[1.34573487e-11 1.00000000e+00 9.90674293e-14]\n",
      "[5.95301116e-12 1.00000000e+00 2.37184735e-13]\n",
      "[9.32584759e-12 1.00000000e+00 6.79586166e-13]\n",
      "[1.88220352e-12 1.00000000e+00 2.02074363e-13]\n",
      "[1.40443670e-12 1.00000000e+00 1.19321112e-13]\n",
      "[1.32043644e-13 1.00000000e+00 1.21200371e-13]\n",
      "[3.18155955e-13 1.00000000e+00 2.46443632e-13]\n",
      "[2.46431723e-12 1.00000000e+00 1.16731949e-12]\n",
      "[1.03708527e-11 1.00000000e+00 3.62993060e-12]\n",
      "[4.35359845e-12 1.00000000e+00 2.46884650e-12]\n",
      "[4.27306803e-12 1.00000000e+00 1.87014598e-12]\n",
      "[4.80495342e-13 1.00000000e+00 3.90391731e-12]\n",
      "[3.76319150e-12 1.00000000e+00 1.85229515e-11]\n",
      "[2.56197269e-11 1.00000000e+00 1.17001262e-10]\n",
      "[6.47357954e-11 1.00000000e+00 2.28989863e-10]\n",
      "[2.76213675e-11 9.99999999e-01 4.82842075e-10]\n",
      "[2.49876190e-11 9.99999998e-01 2.06075037e-09]\n",
      "[1.58700261e-11 9.99999999e-01 1.28298717e-09]\n",
      "[7.69733465e-12 9.99999998e-01 2.06014931e-09]\n",
      "[9.74978106e-12 9.99999996e-01 3.94536802e-09]\n",
      "[5.24189106e-12 9.99999995e-01 4.81382570e-09]\n",
      "[6.49750382e-11 9.99999982e-01 1.79728884e-08]\n",
      "[2.38331079e-11 9.99999970e-01 3.00743441e-08]\n",
      "[9.04443484e-11 9.99999891e-01 1.08623453e-07]\n",
      "[5.86898326e-12 9.99999848e-01 1.52492697e-07]\n",
      "[3.13993886e-09 9.99999816e-01 1.80470132e-07]\n",
      "[3.18551598e-08 9.99999417e-01 5.51451746e-07]\n",
      "[1.98416959e-08 9.99999590e-01 3.89661930e-07]\n",
      "[2.22626764e-09 9.99999770e-01 2.27750828e-07]\n",
      "[5.87475871e-10 9.99999912e-01 8.73065222e-08]\n",
      "[6.59417862e-09 9.99999987e-01 6.48510517e-09]\n",
      "[4.89597014e-11 9.99999999e-01 1.40672247e-09]\n",
      "[1.56361159e-11 9.99999999e-01 1.24872748e-09]\n",
      "[5.60076776e-12 1.00000000e+00 8.34457769e-11]\n",
      "[2.59909290e-12 1.00000000e+00 3.28249727e-11]\n",
      "[1.71117677e-12 1.00000000e+00 4.48432943e-11]\n",
      "[1.05846857e-14 1.00000000e+00 8.26257620e-13]\n",
      "[5.96170948e-18 1.00000000e+00 1.09280491e-16]\n",
      "[4.86708140e-19 1.00000000e+00 6.09881882e-18]\n",
      "[1.61927024e-19 1.00000000e+00 8.11632251e-18]\n",
      "[2.57520038e-20 1.00000000e+00 2.65891308e-18]\n",
      "[3.25072045e-23 1.00000000e+00 2.97348544e-21]\n",
      "[9.10287933e-25 1.00000000e+00 1.42307586e-22]\n",
      "[3.10785137e-26 1.00000000e+00 2.92173792e-24]\n",
      "[1.32006642e-28 1.00000000e+00 1.64624713e-25]\n",
      "[4.24164475e-31 1.00000000e+00 6.11211437e-27]\n",
      "[6.16146179e-32 1.00000000e+00 4.45093198e-27]\n",
      "[8.46504781e-32 1.00000000e+00 3.21851467e-27]\n",
      "[1.11534185e-31 1.00000000e+00 1.13337129e-27]\n",
      "[3.14325167e-32 1.00000000e+00 5.22975426e-29]\n",
      "[7.47703565e-36 1.00000000e+00 8.47396236e-33]\n",
      "[3.05859307e-37 1.00000000e+00 3.45959436e-34]\n",
      "[5.86601564e-38 1.00000000e+00 4.51889404e-34]\n",
      "[9.27256317e-38 1.00000000e+00 3.04046575e-33]\n",
      "[2.38481274e-37 1.00000000e+00 6.65437147e-33]\n",
      "[1.86195747e-36 1.00000000e+00 3.94735426e-31]\n",
      "[4.05203901e-36 1.00000000e+00 2.70244777e-29]\n",
      "[3.61329307e-34 1.00000000e+00 4.85766888e-27]\n",
      "[3.48166576e-32 1.00000000e+00 3.48957932e-25]\n",
      "[1.09525715e-30 1.00000000e+00 1.53616949e-23]\n",
      "[5.58076655e-31 1.00000000e+00 1.21516146e-22]\n",
      "[2.69746858e-29 1.00000000e+00 3.33102191e-21]\n",
      "[2.63882667e-28 1.00000000e+00 8.78806557e-20]\n",
      "[1.29437055e-26 1.00000000e+00 1.34023474e-18]\n",
      "[2.56547541e-25 1.00000000e+00 5.20947450e-18]\n",
      "[9.30865872e-24 1.00000000e+00 1.29426582e-16]\n",
      "[2.94302869e-23 1.00000000e+00 1.80492724e-15]\n",
      "[1.95275030e-22 1.00000000e+00 1.49883809e-14]\n",
      "[1.11249585e-21 1.00000000e+00 6.90138526e-14]\n",
      "[4.77609534e-21 1.00000000e+00 2.49725047e-13]\n",
      "[2.49880464e-21 1.00000000e+00 2.07869599e-12]\n",
      "[2.20674844e-21 1.00000000e+00 6.25440061e-12]\n",
      "[4.60872418e-21 1.00000000e+00 1.29876521e-11]\n",
      "[5.66997410e-21 1.00000000e+00 4.98004765e-11]\n",
      "[1.41517605e-20 1.00000000e+00 1.34042328e-10]\n",
      "[1.06961801e-19 1.00000000e+00 3.50071280e-10]\n",
      "[4.15067055e-19 9.99999999e-01 9.66450982e-10]\n",
      "[1.48159484e-18 9.99999997e-01 2.50459332e-09]\n",
      "[5.59507949e-18 9.99999999e-01 1.49563597e-09]\n",
      "[3.55439987e-18 9.99999998e-01 1.76165723e-09]\n",
      "[1.55300571e-17 9.99999999e-01 9.11856650e-10]\n",
      "[5.11670486e-18 1.00000000e+00 2.19847791e-10]\n",
      "[4.16623248e-18 1.00000000e+00 5.01070769e-11]\n",
      "[3.86763745e-19 1.00000000e+00 1.56427842e-13]\n",
      "[1.14351907e-21 1.00000000e+00 2.37674698e-18]\n",
      "[1.16095109e-22 1.00000000e+00 8.62669706e-20]\n",
      "[3.07511746e-25 1.00000000e+00 1.92029038e-23]\n",
      "[2.64117264e-29 1.00000000e+00 3.13163842e-28]\n",
      "[2.93413128e-31 1.00000000e+00 4.39711041e-31]\n",
      "[3.14549518e-33 1.00000000e+00 1.00689566e-33]\n",
      "[1.33315821e-34 1.00000000e+00 5.60119407e-36]\n",
      "[5.64188848e-36 1.00000000e+00 1.00557663e-39]\n",
      "[3.69035788e-39 1.00000000e+00 1.96580300e-44]\n",
      "[3.06718233e-41 1.00000000e+00 9.57099469e-48]\n",
      "[2.16965530e-44 1.00000000e+00 1.54443698e-54]\n",
      "[7.78871726e-45 1.00000000e+00 1.23714760e-56]\n",
      "[2.38896333e-46 1.00000000e+00 1.29860927e-62]\n",
      "[5.01280472e-50 1.00000000e+00 1.54585882e-67]\n",
      "[1.44744710e-49 1.00000000e+00 9.41720031e-69]\n",
      "[1.37034384e-48 1.00000000e+00 8.85806272e-70]\n",
      "[2.88793342e-46 1.00000000e+00 9.49386911e-68]\n",
      "[1.33696290e-44 1.00000000e+00 1.03869144e-66]\n",
      "[4.31925859e-47 1.00000000e+00 3.66055687e-67]\n",
      "[1.71710713e-44 1.00000000e+00 3.08342075e-63]\n",
      "[1.01435469e-47 1.00000000e+00 2.84242616e-69]\n",
      "[1.64630118e-48 1.00000000e+00 6.88755603e-70]\n",
      "[5.24809692e-48 1.00000000e+00 5.52250681e-69]\n",
      "[2.02263343e-49 1.00000000e+00 2.21910720e-72]\n",
      "[9.04661257e-49 1.00000000e+00 1.35125350e-71]\n",
      "[1.30297903e-49 1.00000000e+00 3.97096882e-72]\n",
      "[1.82269085e-51 1.00000000e+00 3.15033727e-74]\n",
      "[2.48506956e-50 1.00000000e+00 3.59588007e-74]\n",
      "[5.99361308e-52 1.00000000e+00 6.66569356e-77]\n",
      "[3.21905079e-51 1.00000000e+00 1.06969208e-75]\n",
      "No human found\n",
      "[4.78734049e-45 1.00000000e+00 1.60070239e-64]\n",
      "[1.22356679e-40 1.00000000e+00 2.34084201e-58]\n",
      "[1.67442779e-37 1.00000000e+00 2.70844798e-53]\n",
      "[1.76568492e-34 1.00000000e+00 1.42998921e-48]\n",
      "[5.13762130e-31 1.00000000e+00 7.14977045e-44]\n",
      "[2.51194293e-28 1.00000000e+00 6.66167696e-40]\n",
      "[1.90007303e-25 1.00000000e+00 2.95125419e-36]\n",
      "[1.26516382e-23 1.00000000e+00 1.89350434e-33]\n",
      "[5.63296021e-22 1.00000000e+00 7.64944448e-31]\n",
      "[1.00215451e-20 1.00000000e+00 2.99139371e-28]\n",
      "[1.45519462e-18 1.00000000e+00 6.00327352e-26]\n",
      "[2.36936185e-17 1.00000000e+00 5.77419328e-24]\n",
      "[1.33476255e-16 1.00000000e+00 7.28045716e-22]\n",
      "[4.67036911e-16 1.00000000e+00 3.19432360e-20]\n",
      "[8.09472951e-15 1.00000000e+00 1.62358593e-18]\n",
      "[1.47653446e-13 1.00000000e+00 5.59393723e-17]\n",
      "[2.37201399e-13 1.00000000e+00 1.33168130e-15]\n",
      "[3.56981425e-13 1.00000000e+00 1.57733039e-14]\n",
      "[1.29163807e-12 1.00000000e+00 1.88518041e-13]\n",
      "[3.22363181e-12 1.00000000e+00 2.07097002e-12]\n",
      "[2.67503967e-11 1.00000000e+00 1.47717734e-11]\n",
      "[1.69501864e-10 1.00000000e+00 3.23324859e-11]\n",
      "[5.66997414e-09 9.99999994e-01 5.14156862e-10]\n",
      "[2.63194449e-09 9.99999995e-01 2.35950763e-09]\n",
      "[1.55812410e-08 9.99999982e-01 2.10263320e-09]\n",
      "[1.69004103e-08 9.99999969e-01 1.37292934e-08]\n",
      "[1.00921331e-07 9.99999877e-01 2.22263175e-08]\n",
      "[5.29498906e-07 9.99999412e-01 5.84017608e-08]\n",
      "[1.48887566e-06 9.99998307e-01 2.04526906e-07]\n",
      "[3.31526848e-06 9.99996225e-01 4.59807480e-07]\n",
      "[3.69460402e-06 9.99995445e-01 8.60465070e-07]\n",
      "[2.53584550e-06 9.99993703e-01 3.76135970e-06]\n",
      "[1.49986069e-06 9.99993258e-01 5.24210516e-06]\n",
      "[1.73639216e-07 9.99969523e-01 3.03037332e-05]\n",
      "[2.85627519e-07 9.99944303e-01 5.54115387e-05]\n",
      "[3.99096366e-07 9.99929031e-01 7.05701137e-05]\n",
      "[3.92883233e-07 9.99835126e-01 1.64480891e-04]\n",
      "[9.17492680e-07 9.99869547e-01 1.29535357e-04]\n",
      "[3.00143156e-06 9.99889622e-01 1.07377043e-04]\n",
      "[8.22211930e-06 9.99871532e-01 1.20245579e-04]\n",
      "[8.30376956e-06 9.99827309e-01 1.64386733e-04]\n",
      "[2.15192573e-05 9.99857496e-01 1.20985121e-04]\n",
      "[3.62789361e-05 9.99781107e-01 1.82614315e-04]\n",
      "[1.15125448e-04 9.99545135e-01 3.39739696e-04]\n",
      "[2.75161321e-04 9.99297274e-01 4.27564257e-04]\n",
      "[9.01471966e-04 9.98398188e-01 7.00339649e-04]\n",
      "[9.70647787e-04 9.97933454e-01 1.09589776e-03]\n",
      "[3.10290033e-03 9.95978907e-01 9.18192233e-04]\n",
      "[0.00323503 0.99544155 0.00132342]\n",
      "[2.77598778e-03 9.96267484e-01 9.56527791e-04]\n",
      "[0.00260632 0.99630519 0.00108849]\n",
      "[0.00180295 0.99715189 0.00104515]\n",
      "[1.21846167e-03 9.97836199e-01 9.45339575e-04]\n",
      "[5.10680757e-03 9.93955832e-01 9.37360786e-04]\n",
      "[0.00588856 0.99307849 0.00103295]\n",
      "[0.00704067 0.99183511 0.00112422]\n",
      "[0.00393406 0.99497155 0.00109439]\n",
      "[0.00727352 0.99152919 0.0011973 ]\n",
      "[0.01069861 0.98785081 0.00145058]\n",
      "[0.01500099 0.9827037  0.00229531]\n",
      "[0.03353453 0.96197637 0.0044891 ]\n",
      "[0.04385811 0.95110302 0.00503886]\n",
      "[0.05767761 0.93544816 0.00687423]\n",
      "[0.11143057 0.88125892 0.00731051]\n",
      "[0.14240996 0.84402651 0.01356353]\n",
      "[0.16004464 0.81415465 0.02580071]\n",
      "[0.23436713 0.72518649 0.04044637]\n",
      "[0.40461648 0.50633356 0.08904996]\n",
      "[0.4545548  0.45272423 0.09272097]\n",
      "[0.4968858  0.39497665 0.10813754]\n",
      "[0.54799144 0.31998875 0.13201981]\n",
      "[0.45260028 0.37039459 0.17700513]\n",
      "[0.46871335 0.3050985  0.22618815]\n",
      "[0.53383298 0.23927075 0.22689627]\n",
      "[0.571276   0.21148341 0.21724059]\n",
      "[0.4118808  0.26702387 0.32109533]\n",
      "[0.34181698 0.33843935 0.31974367]\n",
      "[0.19690609 0.41169564 0.39139827]\n",
      "[0.12041046 0.33099883 0.54859071]\n",
      "[0.12765154 0.34294157 0.52940689]\n",
      "[0.16717636 0.27591859 0.55690505]\n",
      "[0.1366648  0.28562751 0.57770769]\n",
      "[0.3295114  0.16086419 0.5096244 ]\n",
      "[0.4166172  0.14155527 0.44182753]\n",
      "[0.48223728 0.10738389 0.41037883]\n",
      "[0.48734491 0.10187821 0.41077688]\n",
      "[0.46600499 0.11080624 0.42318877]\n",
      "[0.48344079 0.11485694 0.40170227]\n",
      "[0.5797795  0.08479065 0.33542985]\n",
      "[0.64727922 0.07492375 0.27779704]\n",
      "[0.6456308  0.07839249 0.27597671]\n",
      "[0.69221904 0.07540604 0.23237492]\n",
      "[0.76936638 0.05391961 0.176714  ]\n",
      "[0.75649149 0.05540431 0.1881042 ]\n",
      "[0.75853319 0.06691144 0.17455537]\n",
      "[0.77636904 0.06702416 0.1566068 ]\n",
      "[0.77178957 0.07190258 0.15630785]\n",
      "[0.77703122 0.08074058 0.1422282 ]\n",
      "[0.80761829 0.06872725 0.12365446]\n",
      "[0.81106059 0.07632298 0.11261643]\n",
      "[0.7694279  0.10523296 0.12533914]\n",
      "[0.78521656 0.09544301 0.11934042]\n",
      "[0.8500475  0.06233689 0.08761561]\n",
      "[0.79825953 0.08539434 0.11634613]\n",
      "[0.78503802 0.08403139 0.1309306 ]\n",
      "[0.79264104 0.08291362 0.12444534]\n",
      "[0.75152678 0.10762461 0.14084861]\n",
      "[0.68577283 0.12731785 0.18690932]\n",
      "[0.64080715 0.13182724 0.22736561]\n",
      "[0.69055368 0.10732359 0.20212273]\n",
      "[0.75287597 0.07164113 0.17548289]\n",
      "[0.85805467 0.04116175 0.10078358]\n",
      "[0.83596921 0.04340162 0.12062917]\n",
      "[0.81690934 0.04206573 0.14102493]\n",
      "[0.75498878 0.05149061 0.19352062]\n",
      "[0.75947254 0.03620077 0.20432668]\n",
      "[0.81310169 0.02141273 0.16548558]\n",
      "[0.86422516 0.01172262 0.12405222]\n",
      "[0.87337378 0.01144886 0.11517736]\n",
      "[0.8720065  0.01115603 0.11683747]\n",
      "[0.86673567 0.01153303 0.1217313 ]\n",
      "[0.87777036 0.00976209 0.11246755]\n",
      "[0.89776573 0.00668379 0.09555048]\n",
      "[0.90680988 0.00530678 0.08788334]\n",
      "[0.89890292 0.00598222 0.09511486]\n",
      "[0.88410988 0.00643796 0.10945216]\n",
      "[0.87615658 0.00724108 0.11660234]\n",
      "[0.89006374 0.00618905 0.1037472 ]\n",
      "[0.88954572 0.00634008 0.10411419]\n",
      "[0.90214461 0.0055232  0.09233218]\n",
      "[0.90946354 0.00542956 0.0851069 ]\n",
      "[0.90363085 0.00494795 0.0914212 ]\n",
      "[0.88811428 0.00518669 0.10669903]\n",
      "[0.92862257 0.00364352 0.06773391]\n",
      "[0.92272695 0.0039716  0.07330146]\n",
      "[0.94398248 0.00287079 0.05314673]\n",
      "[0.95177575 0.00261674 0.04560751]\n",
      "[0.96207286 0.00230287 0.03562426]\n",
      "[0.96778242 0.00212402 0.03009357]\n",
      "[0.96216421 0.00231829 0.0355175 ]\n",
      "[0.9713913  0.00179199 0.02681671]\n",
      "[0.97142157 0.00243565 0.02614278]\n",
      "[0.96951254 0.00316728 0.02732018]\n",
      "[0.95473175 0.00683215 0.0384361 ]\n",
      "[0.95822204 0.0074218  0.03435616]\n",
      "[0.95731324 0.00886113 0.03382562]\n",
      "[0.95747728 0.00856412 0.03395859]\n",
      "[0.96896793 0.00658913 0.02444294]\n",
      "[0.9602836  0.00874361 0.03097279]\n",
      "[0.95353108 0.0090744  0.03739452]\n",
      "[0.95163877 0.00993279 0.03842844]\n",
      "[0.93859105 0.01407482 0.04733412]\n",
      "[0.93747733 0.01592545 0.04659722]\n",
      "[0.92336021 0.02446026 0.05217953]\n",
      "[0.91298769 0.03052799 0.05648432]\n",
      "[0.89831032 0.04553979 0.05614989]\n",
      "[0.85612556 0.08570635 0.05816809]\n",
      "[0.80957635 0.13768587 0.05273778]\n",
      "[0.79219435 0.15713793 0.05066772]\n",
      "[0.77504782 0.19143353 0.03351865]\n",
      "[0.72477552 0.2531229  0.02210158]\n",
      "[0.68110118 0.30325918 0.01563964]\n",
      "[0.62795109 0.36095318 0.01109572]\n",
      "[0.72398704 0.26492232 0.01109064]\n",
      "[0.60815049 0.38334136 0.00850815]\n",
      "[0.37635355 0.61668606 0.00696039]\n",
      "[0.31997796 0.67524477 0.00477727]\n",
      "[0.15500526 0.84243242 0.00256231]\n",
      "[0.07797798 0.92035438 0.00166764]\n",
      "[0.06422655 0.93457743 0.00119603]\n",
      "[0.06660957 0.93226701 0.00112342]\n",
      "[6.45201061e-02 9.34751195e-01 7.28699180e-04]\n",
      "[4.66839244e-02 9.52931447e-01 3.84628829e-04]\n",
      "[4.00983894e-02 9.59657807e-01 2.43803921e-04]\n",
      "[4.78211622e-02 9.51888171e-01 2.90666772e-04]\n",
      "[3.38344761e-02 9.65990496e-01 1.75027492e-04]\n",
      "[1.35538038e-02 9.86302889e-01 1.43307177e-04]\n",
      "[1.02472102e-02 9.89643067e-01 1.09722649e-04]\n",
      "[1.04247733e-02 9.89490709e-01 8.45179937e-05]\n",
      "[4.84955209e-03 9.95079705e-01 7.07424793e-05]\n",
      "[6.96635964e-03 9.92973988e-01 5.96523271e-05]\n",
      "[6.54725032e-03 9.93392221e-01 6.05290497e-05]\n",
      "[5.78068958e-03 9.94190550e-01 2.87600637e-05]\n",
      "[6.13852839e-03 9.93830275e-01 3.11967876e-05]\n",
      "[3.58954231e-03 9.96390478e-01 1.99796057e-05]\n",
      "[4.84439620e-03 9.95132350e-01 2.32541766e-05]\n",
      "[4.66642076e-03 9.95313841e-01 1.97384515e-05]\n",
      "[4.05521768e-03 9.95928757e-01 1.60251284e-05]\n",
      "[3.54894552e-03 9.96435664e-01 1.53901720e-05]\n",
      "[3.86560503e-03 9.96120954e-01 1.34409352e-05]\n",
      "[3.22399145e-03 9.96762752e-01 1.32565037e-05]\n",
      "[2.98937961e-03 9.97000999e-01 9.62111057e-06]\n",
      "[2.31538811e-03 9.97674097e-01 1.05152461e-05]\n",
      "[2.26972251e-03 9.97716210e-01 1.40676233e-05]\n",
      "[1.87847517e-03 9.98111999e-01 9.52540701e-06]\n",
      "[2.18467417e-03 9.97808217e-01 7.10919406e-06]\n",
      "[1.20318086e-03 9.98792789e-01 4.02980594e-06]\n",
      "[9.90420538e-04 9.99006552e-01 3.02711638e-06]\n",
      "[1.70773031e-03 9.98288913e-01 3.35650368e-06]\n",
      "[2.75563390e-03 9.97241202e-01 3.16408779e-06]\n",
      "[2.00129226e-03 9.97996932e-01 1.77583500e-06]\n",
      "[9.91178242e-04 9.99007897e-01 9.24288698e-07]\n",
      "[6.67882023e-04 9.99331289e-01 8.28981670e-07]\n",
      "[4.92960421e-04 9.99506381e-01 6.58768551e-07]\n",
      "[7.14443623e-04 9.99284974e-01 5.81978099e-07]\n",
      "[5.48420943e-04 9.99451137e-01 4.42293365e-07]\n",
      "[1.69097745e-04 9.99830786e-01 1.16380548e-07]\n",
      "[2.65258557e-04 9.99734576e-01 1.65056160e-07]\n",
      "[1.68375092e-04 9.99831553e-01 7.18860747e-08]\n",
      "[1.39995137e-04 9.99859957e-01 4.82342521e-08]\n",
